#Level 0 made by Romain
[0][[2,5,2,2,2,2,2,2],[2,4,4,6,1,4,2,2],[1,6,5,5,2,1,1,2],[2,5,1,5,1,2,4,5],[2,6,2,2,1,2,4,2],[2,1,1,4,1,2,5,2],[2,5,4,5,5,1,6,2],[2,2,2,2,5,2,2,2]]
#Levels 1-6 made by ~~Maxime~~ (remade by Romain)
[1][[2,2,2,1,2,2,2,2],[2,6,2,1,2,1,2,2],[2,1,1,5,1,1,1,1],[2,1,2,1,2,2,1,2],[2,1,2,1,2,1,1,2],[2,1,2,1,2,4,2,2],[1,1,2,1,1,1,1,2],[2,2,2,1,2,2,2,2]]
[2][[2,2,1,2,2,2,2,2],[2,2,4,2,4,1,2,2],[2,1,1,1,1,1,1,2],[2,4,1,2,2,2,1,2],[1,6,1,2,2,2,1,2],[2,2,1,1,1,4,5,1],[2,5,1,2,2,1,4,2],[2,2,2,2,2,2,1,2]]
[3][[2,2,2,2,1,2,2,2],[2,2,1,1,1,2,1,2],[2,5,1,2,2,1,1,2],[2,5,1,1,1,1,1,2],[2,1,2,1,5,5,5,1],[1,6,2,2,1,2,6,2],[2,1,1,1,1,1,4,2],[2,2,2,2,2,2,6,2]]
[4][[2,2,2,2,2,1,2,2],[2,2,2,2,2,5,1,1],[1,1,1,1,1,5,5,2],[2,2,2,2,1,5,5,2],[2,1,1,1,5,1,1,2],[2,1,2,2,1,2,1,2],[2,5,1,1,1,1,1,2],[2,1,2,2,2,2,2,2]]
[5][[2,2,2,2,2,2,1,2],[2,1,2,2,2,1,6,2],[6,1,1,1,1,1,2,2],[2,2,1,2,2,1,4,5],[2,1,1,1,2,1,2,2],[2,5,2,1,2,1,2,2],[2,4,2,4,2,4,6,2],[2,2,2,5,2,2,2,2]]
[6][[2,1,2,2,2,2,2,2],[1,5,1,1,2,1,4,5],[2,1,2,1,2,1,2,2],[2,1,1,1,1,1,4,2],[2,2,2,1,2,1,2,2],[2,2,2,1,2,1,2,2],[2,2,1,1,1,5,1,1],[2,2,1,2,2,2,2,2]]
#Levels 7-20 made by Romain
[7][[[2,2,2,1,2,2,2,2],[2,1,4,6,2,1,5,1],[2,6,1,5,2,1,1,2],[1,5,5,5,4,2,5,2],[2,2,1,4,6,5,1,2],[2,1,4,2,1,5,1,2],[2,5,1,6,5,1,6,2],[2,2,2,2,2,1,2,2]]
# 8 is an entrance level part
[8][[1,1,2,2,2,2,2,2],[1,5,5,1,6,5,5,2],[2,6,2,2,4,2,2,2],[2,1,1,1,5,1,1,2],[2,4,2,2,5,2,1,1],[2,4,2,1,1,1,2,2],[2,1,1,1,2,1,1,2],[2,1,2,2,2,2,2,2]]
#9 to 14 are ending level parts
[9][[2,2,2,2,2,1,2,2],[6,1,1,5,4,6,2,2],[2,4,2,2,5,1,2,2],[2,6,1,2,1,1,2,2],[2,1,2,2,2,2,2,2],[2,1,6,5,6,4,4,2],[2,1,2,1,2,2,1,4],[2,1,1,1,4,4,1,1]]
[10][[2,1,2,2,2,2,2,2],[2,5,2,2,1,1,1,6],[1,5,1,4,5,2,1,4],[2,6,4,4,5,2,1,1],[2,5,2,2,6,4,4,4],[2,1,2,1,6,2,2,1],[2,1,2,6,2,2,2,1],[2,1,4,1,2,1,1,1]]
[11][[2,2,2,2,2,2,1,2],[2,4,5,5,4,1,5,2],[2,1,6,2,2,1,6,2],[1,5,1,2,2,2,4,2],[2,1,5,6,5,5,1,2],[2,2,2,1,4,4,2,2],[2,2,2,5,2,1,6,1],[2,6,1,1,2,4,4,1]]
[12][[2,2,1,2,2,2,2,2],[2,2,6,1,1,5,5,6],[2,1,4,5,5,5,5,1],[2,5,1,2,2,1,1,4],[2,5,2,6,1,1,2,1],[2,5,2,1,2,2,2,6],[1,5,5,5,1,2,4,1],[2,1,1,1,1,2,1,1]]
[13][[2,2,2,2,1,2,2,2],[2,6,4,1,6,2,2,2],[2,5,2,5,2,1,6,1],[2,1,5,6,2,5,5,1],[2,5,2,1,1,1,2,1],[1,5,1,2,2,2,1,4],[2,1,6,2,1,1,1,2],[2,2,2,2,1,5,5,1]]
[14][[2,2,2,1,2,2,2,2],[2,2,1,5,4,2,1,2],[2,2,5,1,4,2,5,2],[2,2,1,2,2,2,5,2],[1,5,1,6,6,1,1,2],[2,2,6,2,2,2,4,2],[2,1,4,5,5,5,6,4],[2,1,4,4,1,4,4,1]]
#15 to 20 are entrance level parts
[15][[1,1,2,2,2,2,2,2],[1,1,1,1,2,5,1,2],[2,2,1,5,5,6,4,5],[2,4,6,4,5,6,1,2],[2,1,1,4,5,1,1,2],[2,5,2,2,2,2,4,2],[2,4,5,1,1,1,2,1],[2,2,2,2,2,5,2,4]]
[16][[1,1,2,1,1,2,2,2],[1,1,2,1,5,2,2,2],[2,1,1,5,5,6,1,2],[1,1,2,1,5,2,1,2],[1,2,2,1,5,2,4,2],[1,1,1,1,5,1,5,2],[2,2,2,2,1,5,1,1],[2,2,2,2,2,1,2,2]]
[17][[1,1,2,2,2,2,2,2],[1,1,1,5,6,2,1,1],[2,1,2,2,1,1,1,2],[2,1,1,2,4,2,2,2],[2,2,1,6,1,2,1,2],[2,1,2,2,1,2,1,2],[2,1,1,1,1,5,1,2],[2,2,2,2,1,2,2,2]]
[18][[1,1,2,2,2,2,2,2],[1,5,6,1,1,1,4,2],[2,1,2,2,5,2,1,5],[2,1,1,1,5,1,2,2],[2,2,2,2,2,1,2,2],[2,1,1,6,1,1,1,2],[2,5,4,2,2,2,1,2],[2,2,5,2,2,2,2,2]]
[19][[1,1,2,2,2,2,2,2],[1,1,2,2,1,5,1,2],[2,1,1,6,1,2,1,2],[2,2,2,2,1,1,4,5],[2,5,1,1,1,2,2,2],[2,2,1,2,4,4,2,2],[2,1,1,2,2,4,1,2],[2,2,2,2,2,2,5,2]]
[20][[1,1,2,2,2,2,2,2],[1,1,1,2,2,2,2,2],[2,1,5,6,1,1,4,2],[2,2,1,2,1,2,4,2],[2,2,6,2,1,2,4,2],[2,2,6,1,5,2,1,5],[2,2,4,4,2,2,2,2],[2,2,2,5,2,2,2,2]]